Linux 7.0.0-28-generic (w) 	09/17/26 	_x86_64_	(24 CPU)

15:11:25    kbmemfree   kbavail kbmemused  %memused kbbuffers  kbcached  kbcommit   %commit  kbactive   kbinact   kbdirty
15:11:26     10550272  45572900  17414516     26.53   1850748  31936820  65266060     88.16  10595356  39163400      3244
15:11:27     10556424  45579052  17408236     26.52   1850748  31936948  65266060     88.16  10596068  39163400      3244
15:11:28     10559764  45582400  17408148     26.52   1850748  31933696  65262888     88.15  10594192  39163408      3256
15:11:29     10560744  45583380  17407164     26.52   1850748  31933700  65262888     88.15  10595112  39163408      3396
15:11:30     10563720  45586368  17402004     26.51   1850748  31935884  65265068     88.16  10598904  39163416      3052
15:11:31     10575492  45598148  17390256     26.49   1850752  31935888  65265132     88.16  10584716  39163424      3240
15:11:32     10574956  45597612  17390784     26.49   1850756  31935892  65265040     88.16  10584792  39163424      2448
15:11:33     10578416  45601076  17389336     26.49   1850756  31933880  65262176     88.15  10583096  39163424      2516
15:11:34     10578816  45601488  17385884     26.48   1850756  31936932  65262740     88.15  10585192  39163436      2724
15:11:35     10576568  45599248  17388252     26.49   1850756  31936812  65260556     88.15  10585620  39163444      2424
15:11:36     10574024  45596712  17390724     26.49   1850756  31936884  65260940     88.15  10587716  39163452      1616
15:11:37     10583432  45606120  17381652     26.48   1850756  31936580  65261512     88.15  10580720  39163432      1748
15:11:38     10613360  45636060  17351940     26.43   1850756  31936388  65180612     88.04  10547224  39163436      2844
15:11:39     10611888  45634596  17350644     26.43   1850756  31939156  65185104     88.05  10551412  39163444      2940
15:11:40     10605256  45627984  17357020     26.44   1850764  31939404  65183352     88.05  10553772  39163464      2960
15:11:41     10604480  45627212  17360796     26.45   1850764  31936404  65181104     88.04  10553660  39163468      3216
15:11:42     10589832  45612572  17373512     26.47   1850772  31938328  65265280     88.16  10564960  39163476      3196
15:11:43     10589976  45612764  17374264     26.47   1850784  31937420  65265288     88.16  10568752  39163524      3256
15:11:44     10592408  45615196  17371824     26.46   1850784  31937428  65264908     88.16  10570024  39163520      2772
15:11:45     10597036  45619828  17371324     26.46   1850784  31933300  65260684     88.15  10565604  39163524      2780
15:11:46     10593956  45616720  17369280     26.46   1850784  31938448  65268164     88.16  10570680  39163516      2860
15:11:47     10590448  45613216  17372728     26.46   1850784  31938508  65264852     88.16  10569920  39163516      2696
15:11:48     10595036  45617812  17367104     26.46   1850784  31939544  65265748     88.16  10563592  39163524      2712
15:11:49     10601192  45623976  17365068     26.45   1850784  31935424  65261828     88.15  10559136  39163532      2868
15:11:50     10600768  45623560  17363184     26.45   1850784  31937732  65264136     88.16  10563864  39163540      2868
15:11:51     10600416  45623208  17365484     26.45   1850788  31935780  65262216     88.15  10565404  39163540      2952
15:11:52     10536284  45559088  17428744     26.55   1850792  31936648  65327428     88.24  10607548  39163552      3044
15:11:53     10424308  45447184  17540648     26.72   1850800  31936680  65685016     88.72  10630628  39163616      3344
15:11:54     10436668  45459548  17526044     26.70   1850800  31938924  65710928     88.76  10634428  39163620      3348
15:11:55     10395108  45418020  17565116     26.76   1850808  31941404  66404340     89.70  10653428  39163584      3420
15:11:56     10391468  45414388  17568944     26.76   1850808  31941216  66403396     89.69  10652464  39163592      3552
15:11:57     10399080  45422004  17561264     26.75   1850808  31941284  66403460     89.69  10652572  39163596      3396
15:11:58     10413960  45436892  17545472     26.73   1850808  31942196  66407368     89.70  10657124  39163604      3428
15:11:59     10424636  45447576  17534788     26.71   1850808  31942204  66407332     89.70  10649236  39163612      3652
15:12:00     10436064  45459008  17523360     26.69   1850808  31942204  66409032     89.70  10652012  39163616      3652
15:12:01     10448148  45471096  17514272     26.68   1850808  31939208  66403988     89.69  10648052  39163620      2720
15:12:02     10456920  45479884  17503376     26.66   1850808  31941332  66406300     89.70  10651040  39163636      3368
15:12:03     10465252  45488228  17495096     26.65   1850808  31941280  66406240     89.70  10652404  39163648      3380
15:12:04     10476952  45499928  17485628     26.64   1850808  31939048  66404064     89.70  10643908  39163572      3864
15:12:05     10481788  45504772  17480780     26.63   1850816  31939052  66404000     89.69  10644692  39163576      4148
15:12:06     10481504  45504492  17478416     26.63   1850816  31941700  66406304     89.70  10649032  39163580      3552
15:12:07     10480600  45503592  17479656     26.63   1850816  31941364  66406304     89.70  10650980  39163584      3692
15:12:08     10487200  45510200  17475192     26.62   1850816  31939228  66320004     89.58  10648880  39163592      3708
15:12:09     10485148  45508152  17477208     26.62   1850816  31939264  66319940     89.58  10651176  39163596      2712
15:12:10     10491516  45514528  17467892     26.61   1850816  31942212  66339632     89.61  10651404  39163604      2720
15:12:11     10492588  45515604  17466752     26.61   1850816  31942280  66339632     89.61  10655612  39163608      2832
15:12:12     10489116  45512136  17470248     26.61   1850816  31942288  66339632     89.61  10659104  39163612      2852
15:12:13     10492816  45515844  17469816     26.61   1850820  31939016  66335776     89.60  10651280  39163620      2332
15:12:14     10491312  45514352  17468048     26.61   1850820  31942288  66338912     89.61  10656688  39163632      2340
15:12:15     10500644  45523688  17458712     26.60   1850820  31942292  66338916     89.61  10648928  39163636      2352
15:12:16     10500636  45523680  17461536     26.60   1850828  31939468  66335780     89.60  10647640  39163636      2396
15:12:17     10492484  45515540  17469992     26.61   1850828  31939164  66335780     89.60  10648328  39163648      1972
15:12:18     10492508  45515568  17467772     26.61   1850828  31941360  66337956     89.61  10651976  39163652      1932
15:12:19     10492204  45515268  17468044     26.61   1850828  31941424  66338020     89.61  10653656  39163656      2036
15:12:20     10492180  45515256  17468060     26.61   1850828  31941432  66321604     89.58  10654668  39163668      2044
15:12:21     10504516  45527592  17457960     26.59   1850832  31939192  66319364     89.58  10645184  39163668      2048
15:12:22     10531780  45554864  17433980     26.56   1850832  31935956  65512160     88.49  10625232  39163676      1868
15:12:23     10606356  45629436  17365152     26.45   1850832  31930320  64466604     87.08  10553740  39163672      2300
15:12:24     10601352  45624440  17370144     26.46   1850832  31930332  64466668     87.08  10555060  39163680      2312
15:12:25     10588660  45611760  17378748     26.47   1850840  31934448  64490252     87.11  10564540  39163684      2336
15:12:26     10595508  45618608  17368568     26.46   1850840  31937780  64493388     87.11  10560448  39163684      2340
15:12:27     10599704  45622808  17367692     26.46   1850840  31934460  64490252     87.11  10559976  39163688      2284
15:12:28     10600108  45623216  17370416     26.46   1850840  31931332  64486512     87.10  10555552  39163692      1980
15:12:29     10595956  45619064  17374564     26.47   1850840  31931336  64486376     87.10  10557088  39163692      2328
15:12:30     10593492  45616604  17371788     26.46   1850848  31936568  64491764     87.11  10564236  39163696      2336
15:12:31     10593440  45616568  17370916     26.46   1850848  31937492  64492800     87.11  10562660  39163712      2440
15:12:32     10590828  45613956  17373552     26.47   1850848  31937500  64496004     87.12  10566324  39163712      2448
15:12:33     10595844  45619000  17374660     26.47   1850852  31931372  64489796     87.11  10561212  39163740      2448
15:12:34     10597232  45620388  17373268     26.47   1850852  31931376  64486504     87.10  10556944  39163740      2452
15:12:35     10592972  45616128  17374196     26.47   1850856  31934704  64489720     87.11  10562244  39163740      2452
15:12:36     10593188  45616348  17374100     26.47   1850856  31934584  64491344     87.11  10563952  39163744      2072
15:12:37     10608152  45631312  17363292     26.45   1850856  31930428  64485556     87.10  10556344  39159684      2204
15:12:38     10609032  45632196  17365480     26.45   1850856  31927360  64482420     87.10  10554320  39159688      2160
15:12:39     10610284  45633452  17361084     26.45   1850856  31930504  64485652     87.10  10556528  39158980      2412
15:12:40     10610628  45633800  17360804     26.45   1850860  31930436  64485524     87.10  10557020  39158984      2412
15:12:41     10614276  45637452  17360280     26.45   1850860  31927312  64482420     87.10  10556896  39158984      2688
15:12:42     10610008  45633184  17364540     26.45   1850860  31927320  64480924     87.10  10550920  39158984      2820
15:12:43     10603632  45626884  17367636     26.46   1850884  31930576  64485768     87.10  10561888  39159060      2932
15:12:44     10603684  45626948  17367744     26.46   1850884  31930384  64484504     87.10  10563264  39159072      3180
15:12:45     10601372  45624636  17369948     26.46   1850884  31930524  64484632     87.10  10564416  39159072      3200
15:12:46     10601684  45624952  17372644     26.46   1850884  31927516  64481496     87.10  10561456  39159076      3200
15:12:47     10594388  45617736  17376860     26.47   1850884  31930596  64484824     87.10  10566780  39159156      3208
15:12:48     10601044  45624404  17370252     26.46   1850888  31930544  64484760     87.10  10559724  39159168      3248
15:12:49     10601984  45625348  17372572     26.46   1850888  31927284  64481560     87.10  10557124  39159172      3316
15:12:50     10602440  45625804  17371984     26.46   1850888  31927416  64483532     87.10  10559196  39159164      3320
15:12:51     10601460  45624824  17369824     26.46   1850888  31930556  64484760     87.10  10563004  39159164      3332
15:12:52     10533180  45556552  17430464     26.55   1850896  31938188  65935188     89.06  10630280  39159168      3272
15:12:53     10396084  45419508  17570380     26.77   1850900  31935348  66226444     89.46  10657984  39159216      3516
15:12:54     10360388  45383816  17606072     26.82   1850900  31935352  66258144     89.50  10652400  39159220      3744
15:12:55     10335888  45359324  17624868     26.85   1850912  31941028  66980064     90.47  10675832  39159228      3988
15:12:56     10344956  45368400  17616048     26.84   1850912  31940780  66996308     90.49  10675936  39159236      4004
15:12:57     10361560  45385020  17599380     26.81   1850912  31940844  66998544     90.50  10677740  39159252      3996
15:12:58     10380008  45403476  17584060     26.79   1850912  31937716  66976836     90.47  10674520  39159260      4000
15:12:59     10406780  45430256  17554080     26.74   1850912  31940924  66980164     90.47  10671224  39159268      3800
15:13:00     10419476  45442952  17541448     26.72   1850916  31940856  66980104     90.47  10673060  39159268      3816
15:13:01     10431636  45455116  17532416     26.71   1850916  31937728  66976968     90.47  10664576  39159272      4204
15:13:02     10445060  45468556  17519040     26.69   1850916  31937680  67010436     90.51  10660684  39159064      4828
15:13:03     10449540  45473040  17511292     26.68   1850916  31940948  67013700     90.52  10666020  39159068      4848
15:13:04     10460364  45483868  17500620     26.66   1850916  31940828  66981328     90.47  10659608  39159072      5460
15:13:05     10471648  45495156  17492400     26.65   1850916  31937764  66976232     90.47  10655376  39158848      5484
15:13:06     10443172  45466712  17521016     26.69   1850916  31937560  67009884     90.51  10692708  39158868      5512
15:13:07     10442036  45465700  17518360     26.69   1850916  31941352  67013472     90.52  10702044  39158884      5192
15:13:08     10449380  45473048  17511200     26.68   1850916  31941168  67013408     90.52  10698756  39158872      2692
15:13:09     10447948  45471568  17512656     26.68   1850916  31941144  67046144     90.56  10703884  39158824      2936
15:13:10     10458180  45481864  17505460     26.67   1850916  31938108  67043076     90.56  10694756  39158888      2992
15:13:11     10452948  45476636  17507424     26.67   1850916  31941376  67048028     90.56  10705764  39158892      3252
15:13:12     10449712  45473404  17510720     26.68   1850916  31941316  67046084     90.56  10711096  39158896      3948
15:13:13     10408672  45432420  17551312     26.74   1850920  31941760  67053488     90.57  10739004  39158812      3036
15:13:14     10092396  45116060  17871556     27.22   1850920  31937824  67042004     90.56  10708388  39154500      3312
15:13:15     10126660  45150392  17833892     27.17   1850920  31941224  67045140     90.56  10705368  39154568      3384
15:13:16     10165032  45188768  17795648     27.11   1850920  31941096  67043080     90.56  10703204  39154572      3388
15:13:17     10206152  45229892  17754588     27.05   1850920  31941036  67043016     90.56  10703988  39154576      3076
15:13:18     10239836  45263576  17723964     27.00   1850920  31937976  67041696     90.56  10704272  39154576      3100
15:13:19     10260292  45284040  17700436     26.96   1850920  31941048  67043144     90.56  10707708  39154584      3208
15:13:20     10292764  45316516  17667896     26.91   1850920  31941116  67043108     90.56  10707940  39154588      3216
15:13:21     10323312  45347072  17640476     26.87   1850920  31937988  67023572     90.53  10697604  39154596      3796
15:13:22     10382564  45406328  17589052     26.79   1850920  31930176  65538264     88.53  10662904  39154600      4068
15:13:23     10462304  45486088  17503084     26.66   1850928  31936412  65200500     88.07  10620136  39154620      3656
15:13:24     10470036  45493820  17495320     26.65   1850928  31936444  65200444     88.07  10621660  39154620      3596
15:13:25     10498164  45521984  17475768     26.62   1850936  31927860  64501024     87.12  10601280  39154640      3616
15:13:26     10541752  45565668  17431884     26.55   1850936  31928156  64473360     87.09  10567768  39154592      3792
15:13:27     10543872  45567796  17426764     26.55   1850936  31931156  64476472     87.09  10571648  39154592      3800
15:13:28     10552104  45576040  17418536     26.53   1850936  31931152  64476456     87.09  10573056  39154604      3800
15:13:29     10569200  45593136  17404572     26.51   1850936  31928020  64473320     87.09  10571032  39154604      3912
15:13:30     10570132  45594080  17403628     26.51   1850940  31928028  64473320     87.09  10571596  39154616      3224
15:13:31     10566632  45590588  17403916     26.51   1850948  31931232  64476520     87.09  10575672  39154620      3376
15:13:32     10576532  45600488  17394080     26.50   1850948  31931168  64478376     87.09  10569684  39154620      3372
15:13:33     10574484  45598468  17399252     26.51   1850948  31928044  64456800     87.06  10566008  39154648      3040
15:13:34     10582380  45606364  17389308     26.49   1850948  31930092  64455864     87.06  10566628  39154648      3040
15:13:35     10591064  45615060  17377416     26.47   1850948  31933300  64459064     87.07  10571892  39154660      2904
15:13:36     10591284  45615284  17377256     26.47   1850956  31933232  64458104     87.07  10571652  39154664      3060
15:13:37     10595292  45619300  17373168     26.47   1850956  31933312  64474504     87.09  10570320  39154672      3116
15:13:38     10582792  45606924  17384760     26.48   1850956  31934284  64475576     87.09  10575572  39154796      2840
15:13:39     10581668  45605772  17385912     26.48   1850956  31934256  64476640     87.09  10579468  39154796      2404
15:13:40     10580000  45604116  17387440     26.49   1850956  31934396  64474532     87.09  10579900  39154808      2468
15:13:41     10585244  45609364  17388528     26.49   1850956  31928064  64468324     87.08  10576316  39154812      2728
15:13:42     10586276  45610396  17387560     26.49   1850956  31928000  64468132     87.08  10577732  39154812      2728
15:13:43     10588220  45612396  17382292     26.48   1850960  31931320  64472116     87.09  10577408  39154864      2840
15:13:44     10580924  45605104  17389640     26.49   1850960  31931268  64472020     87.09  10580632  39154868      1748
15:13:45     10580344  45604524  17390352     26.49   1850960  31931136  64472148     87.09  10581476  39154868      1744
15:13:46     10588468  45612656  17385228     26.48   1850960  31928136  64466512     87.08  10575100  39154876      1736
15:13:47     10586032  45610220  17384464     26.48   1850960  31931336  64467272     87.08  10578516  39154876      1992
15:13:48     10592856  45617064  17377628     26.47   1850964  31931344  64467144     87.08  10571584  39154896      2024
15:13:49     10594392  45618608  17379344     26.47   1850964  31928092  64462012     87.07  10569244  39154904      2200
15:13:50     10595252  45619472  17378484     26.47   1850964  31928092  64461952     87.07  10570476  39154908      2200
15:13:51     10584024  45608248  17386444     26.49   1850964  31931360  64465216     87.08  10578208  39154912      2468
15:13:52     10497896  45522132  17467680     26.61   1850968  31936248  65233692     88.11  10629892  39154924      2712
15:13:53     10354444  45378720  17613572     26.83   1850976  31933784  65555052     88.55  10653060  39154964      2804
15:13:54     10386860  45411144  17581132     26.78   1850976  31933792  65610536     88.62  10652652  39154968      2792
15:13:55     10353996  45378304  17607356     26.82   1850980  31940428  66310856     89.57  10680376  39154992      2984
15:13:56     10356668  45380992  17604800     26.82   1850980  31940312  66310728     89.57  10680108  39155008      2500
15:13:57     10361132  45385916  17592568     26.80   1851004  31948056  66350668     89.62  10687112  39155400      3148
15:13:58     10375480  45400544  17581048     26.78   1851028  31945204  66347532     89.62  10686740  39155524      3136
15:13:59     10386920  45412032  17566404     26.76   1851028  31948408  66350736     89.62  10681872  39155572      3176
15:14:00     10397864  45422980  17558656     26.75   1851028  31945212  66347536     89.62  10680192  39155576      3180
15:14:01     10412644  45437768  17547000     26.73   1851028  31942088  66344400     89.61  10678144  39155580      3528
15:14:02     10411692  45436860  17547964     26.73   1851028  31942076  66344684     89.61  10678052  39155612      3864
15:14:03     10423096  45448364  17533292     26.71   1851028  31945344  66347000     89.62  10685464  39155708      3868
15:14:04     10435828  45461104  17520604     26.69   1851032  31945296  66346936     89.62  10679392  39155716      3956
15:14:05     10442232  45467516  17514192     26.68   1851044  31945292  66347108     89.62  10680164  39155724      3756
15:14:06     10452316  45477604  17507240     26.67   1851044  31942160  66343972     89.61  10678576  39155728      3772
15:14:07     10429960  45455316  17526436     26.70   1851064  31945300  66349308     89.62  10705092  39155796      3848
15:14:08     10430196  45455556  17526248     26.70   1851064  31945252  66349772     89.62  10707196  39155800      2996
15:14:09     10426584  45451956  17529788     26.70   1851064  31945324  66351184     89.62  10707392  39155812      3500
15:14:10     10427940  45453320  17531684     26.71   1851068  31942068  66347860     89.62  10711052  39155820      2768
15:14:11     10421296  45446680  17534996     26.71   1851068  31945400  66370780     89.65  10720896  39155824      2924
15:14:12     10405608  45431012  17550640     26.74   1851068  31945412  66374324     89.65  10729948  39155844      2940
15:14:13     10407024  45432444  17549224     26.73   1851072  31945376  66374108     89.65  10730720  39155860      3044
15:14:14     10411184  45436612  17548200     26.73   1851072  31942240  66370972     89.65  10729120  39155868      3032
15:14:15     10419860  45445296  17536380     26.71   1851072  31945384  66374108     89.65  10721284  39155876      3040
15:14:16     10421684  45447120  17534556     26.71   1851072  31945384  66374076     89.65  10722680  39155876      3032
15:14:17     10428288  45453728  17531084     26.71   1851072  31942252  66371452     89.65  10720988  39155880      3036
15:14:18     10432388  45457836  17526972     26.70   1851072  31942264  66371452     89.65  10722724  39155888      3056
15:14:19     10425444  45450900  17530692     26.71   1851072  31945472  66374684     89.66  10727604  39155896      2356
15:14:20     10423060  45448520  17533124     26.71   1851072  31945408  66374696     89.66  10729644  39155900      2356
15:14:21     10435332  45460808  17520892     26.69   1851076  31945332  66354112     89.63  10718744  39155904      2924
15:14:22     10425024  45450504  17531960     26.71   1851076  31944572  67078052     90.61  10730408  39155908      4164
15:14:23     10542460  45567952  17416940     26.53   1851076  31942172  66029932     89.19  10610952  39155688      4504
15:14:24     10549800  45575296  17409632     26.52   1851076  31942172  65991784     89.14  10605468  39155692      4464
15:14:25     10553096  45578596  17406332     26.52   1851076  31942176  66049464     89.22  10603112  39155696      4488
15:14:26     10563676  45589176  17398884     26.50   1851076  31939044  66046864     89.21  10591848  39155680      4492
15:14:27     10565944  45591448  17393408     26.50   1851076  31942248  66050064     89.22  10595248  39155676      4008
15:14:28     10562236  45587760  17397292     26.50   1851076  31942072  66050252     89.22  10598468  39155696      4024
15:14:29     10563032  45588556  17399504     26.51   1851076  31939064  66047244     89.21  10595252  39155696      3196
15:14:30     10565016  45590544  17397580     26.50   1851076  31939004  66047180     89.21  10597016  39155700      3200
15:14:31     10559208  45584740  17400116     26.51   1851076  31942276  66050444     89.22  10602060  39155704      3228
15:14:32     10561664  45587276  17397644     26.50   1851076  31942292  66050272     89.22  10598084  39155784      3444
15:14:33     10554068  45579620  17405292     26.51   1851076  31942240  66100988     89.29  10601752  39155724      4168
15:14:34     10559084  45584648  17403408     26.51   1851076  31939108  66063568     89.24  10597336  39155736      4172
15:14:35     10556252  45581820  17403104     26.51   1851076  31942244  66067212     89.24  10602384  39155740      4112
15:14:36     10553924  45579496  17405420     26.51   1851080  31942252  66065364     89.24  10601828  39155744      4048
15:14:37     10559236  45584816  17400120     26.51   1851080  31942256  66065936     89.24  10595908  39155752      4056
15:14:38     10561144  45586732  17401480     26.51   1851080  31938972  66062848     89.23  10594756  39155760      4096
15:14:39     10557912  45583500  17401484     26.51   1851080  31942200  66066048     89.24  10600476  39155756      3732
15:14:40     10559464  45585060  17399860     26.51   1851080  31942272  66065988     89.24  10601000  39155764      3872
15:14:41     10560520  45586120  17402060     26.51   1851084  31939012  66061892     89.23  10598520  39155768      4360
15:14:42     10559568  45585172  17402944     26.51   1851084  31939080  66061896     89.23  10600460  39155772      4364
15:14:43     10559076  45584716  17400192     26.51   1851092  31942316  66050324     89.22  10598016  39155808      4420
15:14:44     10551976  45577616  17404220     26.51   1851092  31945388  66068536     89.24  10605216  39155808      4408
15:14:45     10542804  45568380  17409356     26.52   1851092  31949424  66072460     89.25  10613888  39155744      4424
15:14:46     10540132  45565712  17412012     26.52   1851092  31949440  66076040     89.25  10616932  39155748      4432
15:14:47     10537488  45563084  17414652     26.53   1851092  31949444  66075924     89.25  10615152  39155764      4412
15:14:48     10543288  45568960  17408840     26.52   1851092  31949456  66075532     89.25  10609692  39155840      4472
15:14:49     10557384  45583060  17404980     26.51   1851092  31939220  66064460     89.24  10600248  39155844      4840
15:14:50     10557496  45583180  17404860     26.51   1851092  31939228  66064832     89.24  10602712  39155852      4676
15:14:51     10554852  45580540  17404300     26.51   1851092  31942432  66067736     89.24  10607232  39155856      4676
15:14:52     10503700  45529372  17452476     26.59   1851092  31945408  66127020     89.32  10644000  39155840      4696
15:14:53     10350252  45376008  17608792     26.82   1851096  31942520  66424888     89.72  10686160  39155924      2472
15:14:54     10319876  45345636  17639228     26.87   1851096  31942460  66421528     89.72  10672148  39155916      2476
15:14:55     10311852  45337632  17643948     26.88   1851108  31945752  66408540     89.70  10674916  39155936      2136
15:14:56     10334304  45360100  17621616     26.84   1851108  31945632  66406352     89.70  10677812  39155940      2156
15:14:57     10344452  45370248  17611336     26.83   1851108  31945764  66408232     89.70  10680344  39155940      2160
15:14:58     10357376  45383184  17601532     26.81   1851108  31942644  66403312     89.69  10677140  39155948      2176
15:14:59     10377836  45403672  17577928     26.78   1851112  31945784  66421568     89.72  10676072  39155976      2252
15:15:00     10383504  45409340  17572252     26.77   1851120  31945784  66421800     89.72  10681848  39155976      3764
15:15:01     10393512  45419360  17562292     26.75   1851120  31945736  66421500     89.72  10681956  39155988      4172
15:15:02     10405092  45430948  17550768     26.74   1851120  31945680  66421528     89.72  10678676  39155996      5400
15:15:03     10415128  45440992  17540600     26.72   1851120  31945812  66421660     89.72  10678704  39156004      5404
15:15:04     10424104  45449968  17531616     26.71   1851124  31945816  66423828     89.72  10682920  39156004      5532
15:15:05     10441608  45467476  17517244     26.68   1851124  31942684  66418652     89.71  10671692  39156008      5528
15:15:06     10447960  45473828  17510896     26.68   1851124  31942696  66418780     89.71  10673744  39156008      5540
15:15:07     10442772  45468664  17512860     26.68   1851132  31945896  66421980     89.72  10678228  39156028      5384
15:15:08     10447964  45473860  17507820     26.67   1851140  31945768  66421880     89.72  10679252  39156032      5400
15:15:09     10449704  45475608  17509172     26.67   1851140  31942644  66402408     89.69  10677544  39156040      5592
15:15:10     10457916  45483820  17500892     26.66   1851140  31942712  66418812     89.71  10673268  39156040      5320
15:15:11     10456932  45482844  17498668     26.66   1851140  31945920  66423920     89.72  10680472  39156048      5584
15:15:12     10410196  45436120  17545524     26.73   1851140  31945800  66455528     89.76  10718540  39156028      5580
15:15:13     10412904  45438808  17545920     26.73   1851156  31942680  66452392     89.76  10715044  39155784      5696
15:15:14     10423332  45449304  17535472     26.71   1851156  31942684  66452328     89.76  10716368  39155852      5708
15:15:15     10421568  45447548  17533948     26.71   1851156  31945956  66455592     89.76  10713216  39155860      5708
15:15:16     10426216  45452204  17529420     26.70   1851156  31945836  66454728     89.76  10711676  39155860      5864
15:15:17     10425916  45451908  17529720     26.70   1851156  31945836  66454792     89.76  10713252  39155864      5848
15:15:18     10427852  45453852  17530844     26.71   1851156  31942776  66453564     89.76  10712680  39155872      5920
15:15:19     10422620  45448624  17532748     26.71   1851156  31946104  66459092     89.77  10720456  39155876      6124
15:15:20     10425528  45451544  17530020     26.70   1851156  31945924  66459032     89.77  10721476  39155888      5816
15:15:21     10436164  45462180  17519448     26.69   1851156  31945860  66458968     89.77  10715120  39155888      5824
15:15:22     10436416  45462440  17522324     26.69   1851156  31942732  66455132     89.76  10711072  39155892      5840
15:15:23     10510780  45536800  17450296     26.58   1851160  31940408  65409312     88.35  10639060  39155888      6088
15:15:24     10511116  45537148  17449884     26.58   1851160  31940484  65409248     88.35  10641016  39155900      6100
15:15:25     10530000  45556048  17436576     26.56   1851160  31934908  64654916     87.33  10626228  39155896      5008
15:15:26     10534756  45560804  17431692     26.55   1851160  31935036  64653164     87.33  10615932  39155876      5008
15:15:27     10534192  45560244  17429112     26.55   1851160  31938180  64656300     87.33  10620048  39155880      5208
15:15:28     10536748  45562820  17426664     26.55   1851164  31938068  64656300     87.33  10621504  39155900      5240
15:15:29     10538732  45564808  17427752     26.55   1851164  31934996  64634588     87.30  10619408  39155904      5344
15:15:30     10539076  45565160  17427464     26.55   1851164  31934940  64634652     87.30  10620996  39155912      5352
15:15:31     10532332  45558420  17431000     26.55   1851164  31938148  64637852     87.31  10625636  39155916      3176
15:15:32     10574224  45600316  17389044     26.49   1851164  31938212  64608964     87.27  10591636  39155920      2704
15:15:33     10572224  45598324  17391164     26.49   1851164  31938092  64608964     87.27  10592228  39155928      2716
15:15:34     10574124  45600228  17392524     26.49   1851164  31934832  64605764     87.27  10589372  39155932      2724
15:15:35     10575408  45601520  17387904     26.49   1851164  31938168  64609028     87.27  10593068  39155940      2412
15:15:36     10571852  45597968  17391648     26.49   1851164  31937980  64608900     87.27  10593628  39155944      1392
15:15:37     10575540  45601656  17387888     26.49   1851164  31938052  64608964     87.27  10587064  39155944      1400
15:15:38     10578264  45604392  17388232     26.49   1851164  31934984  64605828     87.27  10585444  39155956      1336
15:15:39     10576552  45602684  17386612     26.49   1851164  31938316  64609028     87.27  10590280  39155960      1400
15:15:40     10576180  45602320  17387168     26.49   1851164  31938132  64608804     87.27  10591800  39155968      1408
15:15:41     10573612  45599752  17389668     26.49   1851164  31938200  64609060     87.27  10594564  39155968      1016
15:15:42     10574028  45600172  17392516     26.49   1851164  31934936  64605868     87.27  10592124  39155972      1276
15:15:43     10569788  45595960  17393444     26.50   1851168  31938244  64609260     87.27  10589488  39156000      1448
15:15:44     10572536  45598724  17390748     26.49   1851168  31938192  64609196     87.27  10590416  39156016      1460
15:15:45     10573444  45599636  17392848     26.50   1851168  31935184  64606060     87.27  10589276  39156020      1476
15:15:46     10572708  45598920  17393836     26.50   1851168  31934932  64606400     87.27  10590188  39156040      1480
15:15:47     10560536  45586752  17402740     26.51   1851168  31938200  64600928     87.26  10596168  39156044      2172
15:15:48     10452620  45478840  17510132     26.67   1851168  31938724  64643452     87.32  10662408  39155816      2116
15:15:49     10214448  45240684  17752060     27.04   1851168  31934968  64613660     87.28  10645704  39155824      2604
15:15:50     10252544  45278800  17710688     26.98   1851168  31938244  64617096     87.28  10652908  39155844      2616
15:15:51     10275084  45301344  17687252     26.94   1851168  31939140  64618248     87.28  10658140  39155580      2752
15:15:52     10286560  45312824  17667892     26.91   1851176  31947016  66061440     89.23  10714448  39155572      2984
15:15:53     10158412  45184696  17800000     27.12   1851176  31943040  66359088     89.63  10756080  39155596      3192
15:15:54     10165692  45191988  17792776     27.10   1851176  31942984  66357560     89.63  10748376  39155604      3200
15:15:55     10165464  45191792  17788164     27.10   1851176  31947824  67053504     90.57  10765492  39155632      3380
15:15:56     10183536  45209868  17770280     27.07   1851176  31947636  67053356     90.57  10765764  39155636      2436
15:15:57     10203536  45229868  17752384     27.04   1851176  31945532  67051244     90.57  10763632  39155636      2448
15:15:58     10233036  45259388  17723000     27.00   1851176  31945416  67050128     90.57  10762232  39155656      2464
15:15:59     10249944  45276300  17703784     26.97   1851176  31947724  67052432     90.57  10758140  39155660      2740
15:16:00     10258752  45285112  17695100     26.96   1851176  31947600  67054348     90.57  10760304  39155664      2744
15:16:01     10272052  45298420  17681792     26.94   1851180  31947604  67053520     90.57  10757608  39155672      2880
15:16:02     10289332  45315704  17666740     26.91   1851184  31945372  67047992     90.56  10754588  39155676      3428
15:16:03     10304204  45330584  17649488     26.89   1851184  31947752  67050360     90.57  10758532  39155684      3760
15:16:04     10319132  45345512  17634624     26.86   1851184  31947688  67050296     90.57  10759544  39155684      3984
15:16:05     10333428  45359808  17620324     26.84   1851184  31947692  67066708     90.59  10751836  39155684      3900
15:16:06     10347024  45373412  17608932     26.82   1851184  31945488  67065584     90.59  10752092  39155692      3908
15:16:07     10352744  45379136  17601000     26.81   1851184  31947700  67070388     90.60  10759312  39155696      4044
15:16:08     10354980  45381376  17598752     26.81   1851184  31947712  67067700     90.59  10758848  39155700      4064
15:16:09     10357408  45383812  17598624     26.81   1851184  31945412  67064408     90.59  10757160  39155708      3544
15:16:10     10371824  45398228  17584140     26.79   1851188  31945476  67065468     90.59  10746836  39155708      3684
15:16:11     10368672  45395080  17584980     26.79   1851188  31947788  67067860     90.59  10754256  39155712      3256
15:16:12     10368372  45394788  17585372     26.79   1851188  31947728  67070876     90.60  10755296  39155720      3344
15:16:13     10367900  45394316  17585832     26.79   1851192  31947736  67085440     90.62  10753688  39155720      2680
15:16:14     10374080  45400500  17581892     26.78   1851192  31945496  67085240     90.62  10754848  39155724      2696
15:16:15     10371616  45398048  17582048     26.78   1851192  31947804  67069108     90.59  10757572  39155736      2700
15:16:16     10376924  45403360  17576800     26.78   1851192  31947744  67069044     90.59  10748480  39155740      2708
15:16:17     10377872  45404312  17575848     26.77   1851192  31947748  67070028     90.59  10751320  39155744      2712
15:16:18     10381848  45408292  17574208     26.77   1851212  31945392  67066804     90.59  10749592  39155748      2088
15:16:19     10381328  45407780  17572416     26.77   1851212  31947704  67067572     90.59  10752356  39155756      2196
15:16:20     10382512  45408968  17571232     26.77   1851212  31947704  67067444     90.59  10752892  39155752      2196
15:16:21     10389040  45415496  17566940     26.76   1851212  31945468  67065272     90.59  10744568  39155752      2896
15:16:22     10430280  45456744  17532972     26.71   1851212  31938212  65567308     88.56  10704744  39155760      3260
15:16:23     10505084  45531580  17461016     26.60   1851216  31935376  64521268     87.15  10632432  39155792      3476
15:16:24     10503824  45530324  17462432     26.60   1851216  31935188  64521204     87.15  10634360  39155796      3208
15:16:25     10511316  45537844  17452656     26.59   1851228  31937460  64536052     87.17  10645484  39155824      3268
Average:     10477499  45502111  17484732     26.64   1850997  31939414  65797762     88.88  10642368  39157903      3334
