Linux 7.0.0-28-generic (w) 	09/17/26 	_x86_64_	(24 CPU)

15:02:55    kbmemfree   kbavail kbmemused  %memused kbbuffers  kbcached  kbcommit   %commit  kbactive   kbinact   kbdirty
15:02:56     10947672  45830652  17202296     26.21   1849232  31754812  63439364     85.69  10080768  39205452      3196
15:02:57     10957844  45840828  17192184     26.19   1849232  31754752  63439300     85.69  10081148  39205456      3328
15:02:58     10968292  45851340  17184808     26.18   1849232  31751680  63436228     85.69  10069292  39205492      2916
15:02:59     10973480  45856544  17176416     26.17   1849232  31754884  63439460     85.69  10074828  39205504      3100
15:03:00     10983332  45866428  17166624     26.15   1849232  31754824  63439396     85.69  10078320  39205408      4036
15:03:01     10985668  45868772  17164280     26.15   1849232  31754832  63442672     85.69  10079580  39205416      4176
15:03:02     10991808  45874928  17158184     26.14   1849232  31754788  63442244     85.69  10078936  39205432      4512
15:03:03     11001680  45884804  17151384     26.13   1849232  31751716  63440924     85.69  10069004  39205436      4512
15:03:04     11011136  45894260  17139744     26.11   1849232  31753900  63441376     85.69  10071480  39205436      4524
15:03:05     11012664  45895796  17138140     26.11   1849232  31753976  63441568     85.69  10075000  39205444      4600
15:03:06     11014368  45897536  17134224     26.10   1849232  31756188  63443108     85.70  10077804  39205456      4600
15:03:07     11018004  45901264  17132828     26.10   1849232  31753948  63440868     85.69  10079884  39205452      4600
15:03:08     11020832  45904272  17126728     26.09   1849232  31757220  63444004     85.70  10078048  39205456      4280
15:03:09     11026760  45910208  17122908     26.08   1849232  31755112  63441892     85.69  10076192  39205452      4384
15:03:10     11030224  45913672  17119380     26.08   1849232  31755176  63443508     85.70  10077700  39205452      4408
15:03:11     11029708  45913164  17123024     26.08   1849232  31752048  63434500     85.68  10076588  39205460      4416
15:03:12     11025532  45909112  17124800     26.09   1849232  31754448  63436740     85.69  10082736  39205428      4424
15:03:13     10703012  45594848  17439020     26.57   1849232  31762748  63492024     85.76  10194208  39193052      3428
15:03:14     10734788  45627128  17408996     26.52   1849232  31761028  63464508     85.72  10152780  39152080      3488
15:03:15     10756624  45648972  17387224     26.49   1849232  31760964  63464444     85.72  10154476  39152088      3488
15:03:16     10778440  45670800  17362200     26.45   1849232  31764172  63468156     85.73  10155964  39152096      3500
15:03:17     10803568  45696172  17336892     26.41   1849232  31764352  63403316     85.64  10156268  39152060      3500
15:03:18     10837360  45729960  17306168     26.36   1849232  31761284  63399420     85.64  10155980  39152056      3180
15:03:19     10864496  45757100  17279028     26.32   1849232  31761288  63399420     85.64  10149108  39152060      3216
15:03:20     10878780  45771396  17261604     26.30   1849236  31764424  63402640     85.64  10153116  39152072      3240
15:03:21     10896788  45789424  17243556     26.27   1849236  31764464  63402640     85.64  10153820  39152092      3308
15:03:22     10890460  45783104  17250764     26.28   1849240  31763580  64140432     86.64  10169064  39152100      3360
15:03:23     10981232  45873876  17165524     26.15   1849240  31758064  63091720     85.22  10086500  39151648      3100
15:03:24     10990708  45883356  17153804     26.13   1849240  31760308  63095712     85.23  10090888  39151652      3104
15:03:25     11030800  45923432  17116040     26.07   1849248  31757972  62398724     84.28  10065172  39151556      2060
15:03:26     11043504  45936136  17105560     26.06   1849248  31755748  62396488     84.28  10064484  39151556      2060
15:03:27     11052516  45945160  17096548     26.04   1849248  31755748  62396492     84.28  10065932  39151560      2060
15:03:28     11058024  45950668  17088856     26.03   1849252  31757928  62398668     84.28  10070508  39151560      2064
15:03:29     11069712  45962368  17077096     26.01   1849252  31758000  62398732     84.28  10069560  39151572      1872
15:03:30     11080276  45972940  17068832     26.00   1849252  31755700  62396428     84.28  10059600  39151572      1876
15:03:31     11086936  45979724  17061972     25.99   1849264  31755888  62397960     84.28  10060656  39151692      2456
15:03:32     11084528  45977320  17062072     25.99   1849264  31758196  62398108     84.28  10063836  39151696      2464
15:03:33     11109764  46002556  17036896     25.95   1849264  31758136  62372356     84.25  10039136  39151692      2576
15:03:34     11112588  46005384  17034072     25.95   1849264  31758136  62372356     84.25  10040140  39151696      1932
15:03:35     11115128  46007928  17033608     25.95   1849264  31756060  62370080     84.25  10039904  39151700      1940
15:03:36     11124184  46016988  17022624     25.93   1849268  31757984  62372348     84.25  10034224  39151704      1940
15:03:37     11128984  46021796  17017720     25.92   1849268  31758088  62372284     84.25  10036436  39151712      2136
15:03:38     11129596  46022468  17016100     25.92   1849268  31759096  62373300     84.25  10041200  39151768      2212
15:03:39     11119060  46011944  17025616     25.94   1849268  31760116  62374280     84.25  10047136  39151776      2444
15:03:40     11104256  45997144  17040388     25.96   1849268  31760148  62374280     84.25  10064744  39151780      2444
15:03:41     11100552  45993440  17048248     25.97   1849276  31755984  62373056     84.25  10056396  39151760      2576
15:03:42     11101836  45994728  17047008     25.97   1849288  31755928  62373200     84.25  10058728  39151760      2652
15:03:43     11097324  45990300  17048180     25.97   1849336  31759220  62377124     84.26  10067788  39151844      2720
15:03:44     11096344  45989332  17049212     25.97   1849336  31759168  62377060     84.26  10069116  39151856      2308
15:03:45     11095832  45988816  17052860     25.98   1849336  31756032  62373924     84.25  10067768  39151852      2020
15:03:46     11084636  45977624  17064040     25.99   1849348  31756036  62374404     84.25  10077336  39151856      2076
15:03:47     11089132  45982124  17056344     25.98   1849348  31759236  62377604     84.26  10074156  39151852      2080
15:03:48     11090144  45983140  17055452     25.98   1849352  31759112  62377476     84.26  10074652  39151768      2108
15:03:49     11090980  45983988  17057676     25.98   1849352  31756052  62374592     84.25  10070636  39151780      2356
15:03:50     11097168  45990176  17051548     25.98   1849352  31755992  62358128     84.23  10071620  39151776      2360
15:03:51     11090188  45983200  17055264     25.98   1849352  31759256  62342932     84.21  10081368  39151780      2360
15:03:52     11027564  45920596  17118304     26.08   1849352  31758840  62373672     84.25  10096432  39151800      2652
15:03:53     10880052  45773188  17265264     26.30   1849356  31759372  62677224     84.66  10142352  39151904      2740
15:03:54     10869096  45762236  17276216     26.32   1849356  31759376  62675856     84.66  10145144  39151908      2236
15:03:55     10825684  45718836  17314012     26.38   1849360  31764988  63380044     85.61  10181380  39151616      2416
15:03:56     10840464  45733644  17299352     26.35   1849360  31764868  63379884     85.61  10182444  39151644      2512
15:03:57     10855056  45748240  17287892     26.34   1849360  31761736  63376748     85.61  10179024  39151648      2516
15:03:58     10879620  45772812  17263324     26.30   1849364  31761736  63376748     85.61  10166352  39151624      2520
15:03:59     10892096  45785288  17247644     26.27   1849364  31764940  63379948     85.61  10171904  39151624      2412
15:04:00     10903056  45796252  17236740     26.26   1849364  31764884  63379884     85.61  10173528  39151628      2756
15:04:01     10916096  45809316  17226876     26.24   1849364  31761708  63376684     85.61  10171288  39151652      2128
15:04:02     10925548  45818772  17217324     26.23   1849364  31761808  63376960     85.61  10170456  39151656      2264
15:04:03     10939212  45832456  17200540     26.20   1849364  31764928  63380096     85.61  10166548  39151444      2276
15:04:04     10947904  45841156  17191836     26.19   1849368  31764932  63380096     85.61  10167884  39151452      2352
15:04:05     10955524  45848780  17187352     26.18   1849368  31761796  63376976     85.61  10165632  39151452      2660
15:04:06     10965760  45859020  17177112     26.17   1849368  31761800  63377136     85.61  10166208  39151440      2664
15:04:07     10964004  45857264  17175664     26.16   1849368  31765004  63380336     85.61  10171748  39151440      2668
15:04:08     10964580  45857848  17175212     26.16   1849368  31764880  63380232     85.61  10173248  39151448      2672
15:04:09     10976876  45870144  17165988     26.15   1849368  31761808  63377160     85.61  10163500  39151448      1820
15:04:10     10979920  45873196  17162996     26.15   1849368  31761756  63376904     85.61  10164028  39151456      1956
15:04:11     10979256  45872664  17160268     26.14   1849368  31765148  63395688     85.63  10169704  39151588      2156
15:04:12     10974236  45867684  17165172     26.15   1849368  31765192  63395624     85.63  10175788  39150596      2304
15:04:13     10976152  45869584  17163364     26.15   1849372  31765096  63395624     85.63  10176672  39150572      2400
15:04:14     10978428  45871868  17164220     26.15   1849372  31761964  63395428     85.63  10169984  39150580      2412
15:04:15     10973144  45866584  17166368     26.15   1849372  31765100  63399520     85.64  10174880  39150580      2400
15:04:16     10975008  45868452  17164436     26.15   1849372  31765168  63398564     85.64  10176668  39150548      2408
15:04:17     10977228  45870672  17162312     26.14   1849372  31765104  63398596     85.64  10177892  39150548      2408
15:04:18     10984996  45878452  17157604     26.14   1849376  31762040  63395464     85.63  10176532  39150560      3524
15:04:19     10979960  45873420  17159480     26.14   1849376  31765184  63398696     85.64  10174236  39149372      3732
15:04:20     10981952  45875464  17157484     26.14   1849376  31765172  63398760     85.64  10174952  39149152      3412
15:04:21     10986404  45879936  17153060     26.13   1849388  31765116  63398696     85.64  10175880  39149172      3432
15:04:22     11017876  45911412  17129920     26.09   1849388  31756768  62613956     84.58  10152344  39149172      3988
15:04:23     11092592  45986132  17057852     25.99   1849388  31754152  61565132     83.16  10082288  39149176      4408
15:04:24     11088068  45981608  17062376     25.99   1849388  31754152  61563072     83.16  10084092  39149168      4408
15:04:25     11083500  45977048  17060656     25.99   1849392  31760436  61589456     83.19  10086368  39149156      4268
15:04:26     11088868  45982424  17058108     25.99   1849392  31757616  61586320     83.19  10082964  39149136      4276
15:04:27     11085252  45978816  17061960     25.99   1849392  31757380  61586348     83.19  10084916  39149144      4212
15:04:28     11090164  45983728  17057176     25.98   1849392  31757252  61586220     83.19  10086472  39149140      4212
15:04:29     11090908  45984476  17056364     25.98   1849392  31757320  61586284     83.19  10087508  39149144      4276
15:04:30     11100180  45993748  17050040     25.97   1849396  31754368  61583020     83.18  10078180  39149144      4464
15:04:31     11096144  45990392  17050316     25.97   1849396  31758128  61602744     83.21  10074772  39149080      4748
15:04:32     11095756  45990004  17050768     25.97   1849396  31758064  61602620     83.21  10078096  39149080      4740
15:04:33     11093016  45987268  17053508     25.98   1849396  31758064  61553420     83.14  10078584  39149084      4900
15:04:34     11096088  45990344  17053384     25.98   1849396  31755116  61550220     83.14  10076676  39149088      4908
15:04:35     11095708  45990072  17050636     25.97   1849396  31758244  61553484     83.14  10080876  39149096      4980
15:04:36     11105756  46000124  17040640     25.96   1849396  31758192  61553356     83.14  10074028  39149100      4984
15:04:37     11103988  45998360  17042404     25.96   1849396  31758196  61553420     83.14  10076472  39149104      3916
15:04:38     11105756  46000136  17043772     25.96   1849396  31755060  61550312     83.14  10075072  39149112      3916
15:04:39     11116116  46010500  17030208     25.94   1849396  31758264  61553512     83.14  10064580  39149112      3920
15:04:40     11115524  46009912  17030860     25.94   1849396  31758204  61553576     83.14  10066212  39149116      4048
15:04:41     11124412  46018804  17024856     25.93   1849396  31755320  61533980     83.12  10056376  39149120      4204
15:04:42     11127284  46021684  17022224     25.93   1849396  31755080  61534172     83.12  10057568  39149128      4208
15:04:43     11118244  46012660  17028100     25.94   1849408  31758232  61571632     83.17  10064068  39149144      4536
15:04:44     11118668  46013208  17027552     25.94   1849408  31758356  61553728     83.14  10064360  39149268      4928
15:04:45     11115912  46010452  17030300     25.94   1849408  31758364  61552904     83.14  10065232  39149016      4236
15:04:46     11129560  46024108  17015640     25.92   1849408  31759376  61553976     83.14  10052788  39149024      4224
15:04:47     11129868  46024420  17011248     25.91   1849408  31763460  61574456     83.17  10051560  39148760      4224
15:04:48     11133380  46027932  17009844     25.91   1849408  31761352  61575444     83.17  10053056  39148632      4336
15:04:49     11140356  46034912  17009008     25.91   1849408  31755212  61568760     83.16  10044088  39148636      1892
15:04:50     11140696  46035296  17008660     25.91   1849408  31755220  61568812     83.16  10046748  39148668      1264
15:04:51     11134116  46028716  17012036     25.92   1849412  31758420  61572836     83.17  10051336  39148668      1272
15:04:52     11056532  45951140  17085148     26.03   1849420  31762884  63004880     85.10  10093808  39148676      1504
15:04:53     10920624  45815256  17220768     26.23   1849420  31763156  63314816     85.52  10149152  39148684      1880
15:04:54     10894932  45789584  17246460     26.27   1849420  31763156  63312228     85.52  10145260  39148704      3800
15:04:55     10867148  45761840  17268536     26.31   1849432  31768836  64075392     86.55  10166048  39148736      4012
15:04:56     10863456  45758156  17272476     26.31   1849432  31768588  64075152     86.55  10166780  39148728      3624
15:04:57     10875472  45770176  17263528     26.30   1849432  31765520  64072084     86.55  10166460  39148732      3708
15:04:58     10900764  45795472  17238236     26.26   1849432  31765520  64038976     86.50  10157084  39148736      3708
15:04:59     10918736  45813448  17217060     26.23   1849432  31768724  64040452     86.50  10162152  39148740      3712
15:05:00     10928728  45823444  17207124     26.21   1849436  31768664  64040516     86.50  10163252  39148744      4036
15:05:01     10947940  45842668  17187968     26.18   1849436  31768608  64040452     86.50  10154512  39148756      4680
15:05:02     10959044  45853776  17179920     26.17   1849444  31765544  64037396     86.50  10150184  39148760      5056
15:05:03     10966404  45861148  17169356     26.16   1849444  31768744  64040596     86.50  10148000  39148772      5312
15:05:04     10978776  45873520  17157044     26.14   1849444  31768684  64040468     86.50  10149184  39148768      5316
15:05:05     10984564  45879316  17151248     26.13   1849444  31768692  64042220     86.50  10150388  39148776      5324
15:05:06     10988508  45883264  17150108     26.13   1849456  31765868  64037332     86.50  10147560  39148776      5064
15:05:07     10990708  45885480  17145076     26.12   1849456  31768700  64040468     86.50  10153716  39148792      5068
15:05:08     10985352  45880128  17150432     26.13   1849456  31768700  64122468     86.61  10162792  39148796      5068
15:05:09     10999084  45893864  17139892     26.11   1849456  31765508  64119236     86.61  10150880  39148800      5212
15:05:10     11000772  45895556  17138128     26.11   1849456  31765584  64119304     86.61  10151944  39148804      5224
15:05:11     10998012  45892808  17137688     26.11   1849456  31768784  64122504     86.61  10158776  39148816      5224
15:05:12     10957792  45852588  17177964     26.17   1849456  31768728  64156248     86.66  10207788  39148760      5268
15:05:13     10928296  45823120  17207428     26.21   1849472  31768744  64155272     86.66  10233152  39148788      4380
15:05:14     10929980  45824808  17208908     26.22   1849472  31765548  64152072     86.65  10223480  39148752      4652
15:05:15     10915684  45810520  17219936     26.23   1849472  31768816  64157748     86.66  10231408  39148760      4656
15:05:16     10913256  45808096  17222488     26.24   1849472  31768692  64153136     86.65  10228412  39148764      4644
15:05:17     10920036  45814876  17218780     26.23   1849472  31765620  64150064     86.65  10226876  39148764      4644
15:05:18     10924548  45819508  17214144     26.22   1849472  31765744  64151656     86.65  10228020  39148884      4816
15:05:19     10925236  45820200  17210256     26.22   1849472  31768944  64157684     86.66  10234288  39148888      4944
15:05:20     10933496  45828464  17201992     26.20   1849472  31768948  64158068     86.66  10228112  39148892      4952
15:05:21     10939204  45834176  17199544     26.20   1849472  31765688  64154868     86.66  10225528  39148896      5044
15:05:22     10979596  45874568  17166876     26.15   1849472  31757980  62677240     84.66  10190052  39148896      5280
15:05:23     11055184  45950160  17093696     26.04   1849480  31755580  61631480     83.25  10118472  39148900      5360
15:05:24     11050048  45945032  17098888     26.05   1849480  31755524  61631416     83.25  10125160  39148908      5320
15:05:25     11049968  45944972  17092676     26.04   1849480  31761816  61665384     83.29  10127860  39148900      2700
15:05:26     11050976  45945984  17094772     26.04   1849480  31758712  61662332     83.29  10125604  39148904      1976
15:05:27     11052120  45947132  17093588     26.04   1849480  31758752  61662396     83.29  10127520  39148908      1848
15:05:28     11051904  45946916  17093860     26.04   1849484  31758692  61662332     83.29  10128400  39148908      1972
15:05:29     11089900  45984924  17055988     25.98   1849484  31758568  61662012     83.29  10092736  39148916      2224
15:05:30     11091524  45986548  17057336     25.98   1849484  31755596  61654848     83.28  10091304  39148916      2232
15:05:31     11097864  45992896  17047696     25.97   1849484  31758896  61658048     83.28  10086532  39148924      2228
15:05:32     11125300  46020336  17020384     25.93   1849484  31758772  61632232     83.25  10061820  39148928      2360
15:05:33     11126776  46021816  17022100     25.93   1849488  31755576  61629096     83.25  10059516  39148932      2356
15:05:34     11126756  46021800  17022052     25.93   1849488  31755644  61547032     83.13  10060896  39148936      2436
15:05:35     11125992  46021040  17019680     25.93   1849488  31758780  61550312     83.14  10064112  39148940      2432
15:05:36     11129256  46024312  17016468     25.92   1849500  31758716  61550060     83.14  10057880  39148948      2436
15:05:37     11129472  46024540  17016240     25.92   1849500  31758728  61550060     83.14  10058536  39148960      2304
15:05:38     11133244  46028312  17015596     25.92   1849504  31755596  61547052     83.13  10056988  39148960      2316
15:05:39     11125160  46020244  17020600     25.93   1849504  31758676  61550380     83.14  10061536  39148976      2360
15:05:40     11119168  46014256  17026588     25.94   1849504  31758680  61550252     83.14  10063328  39148980      2364
15:05:41     11122444  46017532  17023248     25.93   1849504  31758744  61550348     83.14  10057384  39148980      2492
15:05:42     11125588  46021044  17022992     25.93   1849516  31755844  61563544     83.16  10056084  39148988      2252
15:05:43     11127216  46022660  17018052     25.92   1849532  31759140  61583396     83.18  10061784  39148976      2308
15:05:44     11122984  46018440  17022208     25.93   1849532  31759216  61583308     83.18  10064576  39148972      2316
15:05:45     11122516  46017976  17022928     25.93   1849532  31758964  61581564     83.18  10063532  39148976      2328
15:05:46     11123352  46018996  17024672     25.93   1849532  31756384  61578460     83.18  10060236  39148612      2344
15:05:47     11128944  46024636  17014056     25.92   1849532  31761408  61579144     83.18  10059604  39148620      2824
15:05:48     10780824  45676736  17364156     26.45   1849536  31759424  61589560     83.19  10116856  39148616      3348
15:05:49     10785436  45682032  17361820     26.45   1849540  31757176  61586492     83.19  10112988  39148616      2344
15:05:50     10800584  45697368  17346476     26.42   1849548  31757364  61585804     83.19  10114300  39148748      2576
15:05:51     10819016  45715800  17324844     26.39   1849548  31760564  61588968     83.19  10117760  39148736      2700
15:05:52     10843248  45740132  17298436     26.35   1849548  31762740  62340588     84.21  10139904  39148748      3100
15:05:53     10753072  45649988  17382124     26.48   1849548  31769212  62638752     84.61  10206448  39148772      3192
15:05:54     10744520  45641436  17390656     26.49   1849548  31769232  62639884     84.61  10205840  39148772      3196
15:05:55     10736040  45632996  17396688     26.50   1849552  31771660  63401284     85.64  10224208  39148804      3404
15:05:56     10761292  45658232  17371520     26.46   1849552  31771576  63441248     85.69  10223696  39148788      3404
15:05:57     10792912  45689856  17345952     26.42   1849552  31765524  63435040     85.68  10217256  39148788      2288
15:05:58     10816000  45712952  17323008     26.39   1849552  31765380  63435040     85.68  10210260  39148796      2504
15:05:59     10833940  45730896  17301864     26.36   1849552  31768584  63438056     85.69  10212516  39148800      2776
15:06:00     10853348  45750304  17282580     26.33   1849552  31768460  63437928     85.69  10215644  39148800      3100
15:06:01     10883156  45780116  17255844     26.29   1849552  31765388  63434888     85.68  10207356  39148804      4044
15:06:02     10894960  45791924  17244096     26.27   1849552  31765332  63436180     85.69  10207072  39148808      4052
15:06:03     10910032  45807004  17226072     26.24   1849552  31768284  63438092     85.69  10203140  39148816      4056
15:06:04     10904564  45801928  17230692     26.25   1849552  31769132  63403104     85.64  10207128  39148820      4316
15:06:05     10916012  45813572  17219028     26.23   1849556  31769344  63419500     85.66  10207344  39148820      3460
15:06:06     10925736  45823384  17212432     26.22   1849556  31766216  63416364     85.66  10205188  39148828      3468
15:06:07     10929876  45827528  17205156     26.21   1849556  31769352  63419500     85.66  10209592  39148832      3340
15:06:08     10928736  45826392  17206228     26.21   1849556  31769420  63419500     85.66  10210592  39148836      3356
15:06:09     10933324  45830980  17201720     26.20   1849556  31769356  63421672     85.67  10205220  39148836      3356
15:06:10     10945532  45843288  17192496     26.19   1849564  31766348  63416364     85.66  10204576  39148840      3504
15:06:11     10934572  45832332  17200120     26.20   1849564  31769684  63419564     85.66  10212148  39148840      3560
15:06:12     10933972  45831796  17200936     26.20   1849564  31769468  63419528     85.66  10213444  39148880      3244
15:06:13     10941164  45838936  17193804     26.19   1849572  31769400  63418744     85.66  10211172  39148820      3304
15:06:14     10949072  45846856  17189032     26.19   1849572  31766264  63415756     85.66  10199820  39148832      3316
15:06:15     10947216  45845004  17187684     26.18   1849572  31769468  63402500     85.64  10204204  39148832      3320
15:06:16     10949256  45847048  17185636     26.18   1849572  31769476  63402500     85.64  10204736  39148836      3332
15:06:17     10953692  45851492  17184024     26.18   1849572  31766652  63399364     85.64  10200752  39148844      3316
15:06:18     10957956  45855768  17180056     26.17   1849580  31766348  63399364     85.64  10202464  39148856      2668
15:06:19     10954972  45852788  17179836     26.17   1849580  31769552  63402564     85.64  10206808  39148852      2672
15:06:20     10961460  45859280  17173468     26.16   1849580  31769432  63402436     85.64  10200464  39148856      2680
15:06:21     10959144  45856968  17175720     26.16   1849580  31769496  63402500     85.64  10201524  39148860      2680
15:06:22     10965520  45863364  17175436     26.16   1849584  31763416  63258572     85.45  10192840  39148880      2912
15:06:23     11039616  45937472  17103880     26.06   1849584  31760860  62213368     84.03  10120568  39148892      2428
15:06:24     11044060  45942040  17099376     26.05   1849584  31760920  62228984     84.06  10119092  39149016      2576
15:06:25     11033152  45931140  17104000     26.06   1849596  31767192  62279256     84.12  10126248  39148996      2488
15:06:26     11031880  45929880  17108408     26.06   1849596  31764056  62276120     84.12  10124824  39149008      2484
15:06:27     11031552  45929556  17108668     26.06   1849596  31764124  62279432     84.12  10130312  39149012      2492
15:06:28     11030212  45928224  17110124     26.06   1849596  31764008  62279096     84.12  10131420  39149020      1980
15:06:29     11027852  45925868  17112420     26.07   1849596  31764072  62278904     84.12  10132960  39149024      2232
15:06:30     11033252  45931268  17110028     26.06   1849600  31761060  62275768     84.12  10129120  39149024      2220
15:06:31     11041220  45939248  17099104     26.05   1849600  31764016  62278968     84.12  10124704  39149036      2240
15:06:32     11039056  45937088  17101072     26.05   1849600  31764212  62278940     84.12  10125004  39149040      2372
15:06:33     11041724  45939756  17101732     26.05   1849600  31760884  62275708     84.12  10122316  39149040      1872
15:06:34     11042688  45940724  17100700     26.05   1849600  31760952  62275772     84.12  10123980  39149044      1876
15:06:35     11040580  45938616  17099744     26.05   1849600  31764016  62262516     84.10  10128156  39149036      1884
15:06:36     11050060  45948108  17090208     26.03   1849600  31764072  62262564     84.10  10120488  39149048      2708
15:06:37     11039732  45937784  17100536     26.05   1849600  31764072  62310488     84.17  10132708  39149052      2760
15:06:38     11039612  45937668  17100648     26.05   1849604  31764076  62312160     84.17  10133952  39148804      2684
15:06:39     11036640  45934700  17103620     26.05   1849604  31764076  62310424     84.17  10140364  39148808      2820
15:06:40     11071808  45969868  17068444     26.00   1849604  31764084  62309276     84.16  10104364  39148808      2828
15:06:41     11072024  45970092  17068224     26.00   1849604  31764088  62309276     84.16  10105304  39148816      2836
15:06:42     11072932  45971004  17067252     26.00   1849604  31764152  62309404     84.16  10099664  39148720      2836
15:06:43     11057704  45953820  17075256     26.01   1849636  31771344  62317020     84.17  10114204  39148788      3020
15:06:44     11057048  45953296  17075744     26.01   1849792  31771356  62317340     84.17  10117172  39148920      3064
15:06:45     11061076  45957452  17074652     26.01   1849792  31768420  62316344     84.17  10117840  39149048      3072
15:06:46     11056912  45953288  17079008     26.02   1849792  31768228  62314656     84.17  10117840  39149048      3072
15:06:47     11065456  45961840  17070396     26.00   1849792  31768296  62232784     84.06  10110644  39149028      3076
15:06:48     11059664  45956048  17076312     26.01   1849796  31768168  62232656     84.06  10111564  39148952      3116
15:06:49     11065020  45961408  17073956     26.01   1849796  31765168  62229584     84.06  10108360  39148948      3124
15:06:50     11065896  45962292  17073200     26.01   1849796  31765048  62229584     84.06  10109308  39148816      3132
15:06:51     11061948  45958348  17074192     26.01   1849796  31768004  62232784     84.06  10113492  39148820      3140
15:06:52     11012556  45908960  17123300     26.08   1849800  31768284  62281544     84.13  10128672  39148824      3148
15:06:53     10902464  45798896  17233252     26.25   1849800  31768408  62587472     84.54  10177920  39148852      3264
15:06:54     10873144  45769584  17262500     26.30   1849800  31768480  62588588     84.54  10176756  39148860      3272
15:06:55     10832812  45729288  17297216     26.35   1849808  31774088  63326832     85.54  10198648  39148872      2344
15:06:56     10840892  45737368  17289248     26.34   1849808  31773960  63375984     85.60  10199852  39148872      2356
15:06:57     10849332  45745936  17283816     26.33   1849808  31770952  63388652     85.62  10196044  39149000      2484
15:06:58     10864908  45763560  17268240     26.31   1849808  31770952  63388652     85.62  10189012  39149000      1664
15:06:59     10878716  45777368  17251228     26.28   1849808  31774156  63391852     85.63  10189020  39148988      2004
15:07:00     10884532  45783196  17244444     26.27   1849808  31775124  63409236     85.65  10196956  39148996      2340
15:07:01     10886260  45784928  17237528     26.26   1849808  31780312  63414932     85.66  10194184  39148760      2520
15:07:02     10898600  45797340  17225180     26.24   1849808  31780320  63418248     85.66  10197532  39148832      3060
15:07:03     10923196  45821940  17206660     26.21   1849808  31774244  63412108     85.65  10184680  39148828      3064
15:07:04     10928016  45826760  17199724     26.20   1849808  31776360  63413864     85.66  10187988  39148828      2900
15:07:05     10931668  45830420  17196068     26.20   1849808  31776364  63413864     85.66  10186832  39148688      3056
15:07:06     10938960  45837716  17188836     26.18   1849808  31776304  63413804     85.66  10188580  39148692      3100
15:07:07     10946996  45845756  17180732     26.17   1849808  31776372  63414272     85.66  10190940  39148692      3120
15:07:08     10949376  45848164  17178384     26.17   1849812  31776336  63414592     85.66  10194104  39148720      3176
15:07:09     10956456  45855252  17172388     26.16   1849812  31775252  63430240     85.68  10190272  39148720      2080
15:07:10     10954392  45853192  17172464     26.16   1849812  31777240  63432228     85.68  10192592  39148668      2228
15:07:11     10955176  45853980  17171612     26.16   1849812  31777308  63432228     85.68  10193824  39148652      2360
15:07:12     10955912  45854716  17170876     26.16   1849812  31777308  63430168     85.68  10195456  39148620      2364
15:07:13     10966876  45865668  17159964     26.14   1849824  31777244  63429384     85.68  10187604  39148472      2536
15:07:14     10978444  45877240  17154536     26.13   1849824  31771104  63423240     85.67  10174744  39148476      2172
15:07:15     10977048  45875848  17150680     26.13   1849824  31776356  63428516     85.68  10180636  39148464      2180
15:07:16     10978428  45877236  17149356     26.12   1849824  31776300  63428452     85.68  10181872  39148468      2192
15:07:17     10982412  45881224  17148504     26.12   1849824  31773168  63425316     85.67  10178216  39148472      2196
15:07:18     10983824  45882640  17147084     26.12   1849828  31773172  63425316     85.67  10179152  39148476      2204
15:07:19     10974936  45873776  17149724     26.13   1849828  31779452  63382776     85.61  10188516  39148384      2280
15:07:20     10977580  45876420  17146920     26.12   1849828  31779612  63382736     85.61  10182808  39148384      2284
15:07:21     10865900  45772772  17236068     26.26   1849988  31801856  66156348     89.36  10278460  39150516      4008
15:07:22     10447988  45365712  17554936     26.74   1850052  31899832  67351304     90.97  10587080  39156404      9896
15:07:23     10365516  45293956  17649564     26.89   1850060  31887264  67540692     91.23  10633800  39163040     17464
15:07:24     10366236  45295352  17657592     26.90   1850068  31878500  67597988     91.31  10627872  39163568     17968
15:07:25     10268780  45199584  17682320     26.94   1850076  31951104  67776912     91.55  10720860  39164964     19452
15:07:26     10261420  45193296  17686360     26.94   1850076  31954368  67809464     91.59  10740824  39165956     20460
15:07:27     10265664  45198020  17683688     26.94   1850092  31952764  67808984     91.59  10740400  39166432     20820
15:07:28     10277336  45210988  17670936     26.92   1850092  31953844  67811756     91.60  10742392  39166528     20916
15:07:29     10283232  45216904  17671248     26.92   1850092  31947636  67804196     91.59  10737524  39166296     20404
15:07:30     10292252  45225924  17662224     26.91   1850092  31947640  67804468     91.59  10734656  39166280     20536
15:07:31     10297256  45231100  17649560     26.89   1850104  31955288  67812360     91.60  10735180  39166452     21332
15:07:32     10310104  45244008  17632508     26.86   1850112  31959452  67825484     91.62  10734684  39159280     21556
15:07:33     10322992  45256908  17619612     26.84   1850112  31959460  67826332     91.62  10730556  39159280     21540
15:07:34     10332480  45266448  17613276     26.83   1850112  31956308  67823388     91.61  10727452  39159332     21368
15:07:35     10381156  45315596  17621780     26.84   1850112  31899064  67779036     91.55  10674684  39159700     21512
15:07:36     10419552  45349176  17595452     26.80   1850112  31886996  67770292     91.54  10658036  39154884     22080
15:07:37     10431696  45361348  17586452     26.79   1850116  31883848  67767484     91.54  10655392  39154876     22264
15:07:38     10432748  45362484  17585316     26.79   1850116  31883932  67770884     91.54  10655236  39154960     22376
15:07:39     10438372  45368116  17576552     26.78   1850120  31887068  67773804     91.55  10660464  39154964     21992
15:07:40     10487088  45416832  17525788     26.70   1850120  31889116  67772140     91.54  10635120  39141980     21992
15:07:41     10488400  45418384  17524228     26.70   1850120  31889364  67772188     91.54  10638284  39142160     22208
15:07:42     10498268  45428260  17514360     26.68   1850128  31889356  67774128     91.55  10631704  39142120     22212
15:07:43     10499060  45429096  17513924     26.68   1850144  31888984  67772676     91.54  10637168  39142164     22272
15:07:44     10500824  45430864  17512212     26.68   1850144  31888932  67772612     91.54  10638492  39142168     20672
15:07:45     10504240  45434284  17511620     26.68   1850144  31886108  67769480     91.54  10636124  39142148     20656
15:07:46     10510856  45441128  17505080     26.67   1850144  31886032  67769460     91.54  10636600  39142352     20892
15:07:47     10517660  45447936  17497088     26.65   1850148  31887216  67770612     91.54  10631940  39142080     21008
15:07:48     10522912  45453264  17491840     26.65   1850148  31887208  67752088     91.52  10631960  39142156     21084
15:07:49     10521140  45451504  17493612     26.65   1850148  31887208  67754260     91.52  10633324  39142168     21096
15:07:50     10525004  45455372  17493004     26.65   1850148  31883952  67749080     91.51  10629008  39142172     21104
15:07:51     10524396  45454896  17490144     26.64   1850152  31887416  67752348     91.52  10634224  39142300     21296
15:07:52     10604928  45535432  17410944     26.52   1850156  31886064  67868984     91.67  10553668  39142236     19200
15:07:53     10640708  45571228  17382824     26.48   1850168  31878408  66389400     89.68  10512916  39142248     13640
15:07:54     10640340  45570940  17383140     26.48   1850168  31878460  66389336     89.68  10510596  39142320     13380
15:07:55     10661284  45591888  17364180     26.45   1850176  31876460  65695244     88.74  10500112  39142324     13360
Average:     10929822  45828514  17194759     26.19   1849551  31779638  63369762     85.60  10192099  39153211      5067
